3.079995311411448146e-03
5.120421906618538924e-03
7.147889278939999723e-03
9.301612624843514504e-03
1.163942968271801555e-02
1.419815926137057462e-02
1.700258574039301834e-02
2.007412011360228121e-02
2.343382806270159074e-02
2.709822780127832051e-02
3.109017154484564754e-02
3.543029585578891943e-02
4.014019507017438371e-02
4.524124213420879781e-02
5.075325779180930863e-02
5.669980937532380361e-02
6.309611147960342281e-02
6.995488345602274283e-02
7.728508647788383257e-02
8.509141651180920918e-02
9.337290967919430196e-02
1.021235629951763035e-01
1.113312645249360244e-01
1.209782872691886335e-01
1.310410985651249416e-01
1.414902611011794598e-01
1.522911753030751214e-01
1.634040876882578985e-01
1.747847116288535063e-01
1.863849704084271086e-01
1.981534719329773597e-01
2.100362826743962796e-01
2.219778441318752960e-01
2.339218072679488392e-01
2.458118671395802812e-01
2.575924399841238999e-01
2.692096261370946486e-01
2.806123722962599598e-01
2.917528859233156080e-01
3.025869309640067950e-01
3.130749323142414942e-01
3.231825361948811870e-01
3.328812683348081336e-01
3.421484716291423034e-01
3.509669571523773013e-01
3.593255202193596509e-01
3.672196668208400072e-01
3.746518563960994919e-01
3.816301885574436836e-01
3.881675543615996093e-01
3.942816748745728295e-01
3.999974348674019686e-01
4.053461238519497356e-01
4.103593107602686585e-01
4.150711104569916876e-01
4.195174925469582483e-01
4.237357057672929139e-01
4.277640396836324133e-01
4.316413208234140542e-01
4.354078799500190611e-01
4.391085967060411877e-01
4.427791171034018425e-01
4.464525122643526189e-01
4.501588023402580685e-01
4.539244091679247028e-01
4.577721876058934436e-01
4.617220017287665956e-01
4.657902840614127626e-01
4.699892458692313535e-01
4.743263916023101046e-01
4.788041107535253582e-01
4.834212260349861068e-01
4.881739303795994966e-01
4.930554966003971029e-01
4.980560221280360134e-01
5.031621854090954082e-01
5.083572448463427040e-01
5.136230249634563538e-01
5.189407951534572572e-01
5.242912048055055063e-01
5.296543186992752617e-01
5.350098194995958067e-01
5.403372449967807079e-01
5.456171093854664811e-01
5.508315581509474201e-01
5.559644663353243699e-01
5.610015913526826825e-01
5.659310085072933871e-01
5.707430961213827425e-01
5.754313899245850905e-01
5.799938171237450923e-01
5.844275571950771075e-01
5.887326017160385838e-01
5.929119830386959666e-01
5.969712495985026735e-01
6.009176283269205276e-01
6.047600075888009963e-01
6.085089962428519295e-01
6.121770804280791678e-01
6.157786560435338785e-01
6.193290451180415435e-01
6.228436659635054884e-01
6.263641101857521098e-01
6.299293008223670887e-01
6.335545668170519118e-01
6.372509156107170059e-01
6.410276628709163926e-01
6.448922390905366120e-01
6.488500421521843364e-01
6.529041874489698305e-01
6.570553850919282901e-01
6.613018542029742708e-01
6.656399085864074250e-01
6.700641301074768963e-01
6.745672126449100414e-01
6.791398969835561461e-01
6.837708717228835331e-01
6.884468997841374227e-01
6.931539763041651980e-01
6.978776439603152637e-01
7.026073541720149196e-01
7.073309871218936840e-01
7.120329507824796345e-01
7.166973619680505614e-01
7.213272334666601671e-01
7.259330471941504159e-01
7.305006118824358685e-01
7.350158772566851573e-01
7.394651500148675671e-01
7.438353405025774912e-01
7.481143951183746310e-01
7.522915877204919832e-01
7.563575309877883512e-01
7.603042329446330072e-01
7.641252764078916293e-01
7.678157500329875207e-01
7.713721940770700281e-01
7.747927167648710478e-01
7.780770698947753194e-01
7.812267443451438309e-01
7.842450179929481013e-01
7.871364354578793687e-01
7.899065174662929234e-01
7.925618002391042749e-01
7.951098293464139433e-01
7.975617452281065223e-01
7.999295744611258918e-01
8.022224718537330768e-01
8.044496326845951284e-01
8.066203267874384464e-01
8.087437647756819947e-01
8.108322988157651290e-01
8.129048531697021795e-01
8.149894615246708884e-01
8.170916854822537490e-01
8.192159484704806260e-01
8.213654209283949292e-01
8.235419732430121487e-01
8.257462616766374497e-01
8.279780309011380846e-01
8.302361348790671114e-01
8.325184842771282678e-01
8.348220007929170183e-01
8.371425967217109854e-01
8.394754316143032691e-01
8.418153899595137712e-01
8.441571588174114904e-01
8.464951929576809420e-01
8.488300096470482448e-01
8.511667720559957795e-01
8.534995889977609052e-01
8.558226251432103915e-01
8.581302080301798085e-01
8.604167999442127179e-01
8.626771298628866935e-01
8.649087022446075856e-01
8.671065417624399529e-01
8.692661974874957842e-01
8.713838173688424060e-01
8.734561653801836689e-01
8.754806357599275168e-01
8.774552945613071087e-01
8.793788498956950361e-01
8.812539278262738751e-01
8.830855052493815638e-01
8.848736448353826667e-01
8.866190090451663286e-01
8.883228387309264340e-01
8.899867447307057144e-01
8.916126702925976089e-01
8.932029142029159763e-01
8.947601168889162127e-01
8.962872837996602726e-01
8.977877229721150654e-01
8.992647484705588168e-01
9.007217767628294958e-01
9.021633270933269166e-01
9.035941090157674216e-01
9.050307442412921510e-01
9.064752520930224877e-01
9.079291733461041236e-01
9.093935543696488599e-01
9.108689304000739950e-01
9.123552980708710125e-01
9.138521034858174685e-01
9.153583415120515321e-01
9.168726707365121298e-01
9.183934174424247532e-01
9.199185550266131273e-01
9.214456854569263999e-01
9.229720651049779789e-01
9.244947840597912414e-01
9.260108921717896679e-01
9.275174375972070617e-01
9.290144647485125695e-01
9.305084751684109534e-01
9.319964052527740517e-01
9.334751682620998636e-01
9.349417340776419172e-01
9.363931670976557431e-01
9.378266199231650724e-01
9.392393217966688024e-01
9.406286324482785455e-01
9.419921651632919835e-01
9.433325298761565669e-01
9.446483574052212395e-01
9.459381875309008647e-01
9.472007878116365243e-01
9.484351655765140832e-01
9.496405797609286381e-01
9.508165438180101736e-01
9.519628368717708566e-01
9.530795139874403965e-01
9.541670830508469647e-01
9.552260965024674810e-01
9.562571879476194914e-01
9.572611614928471235e-01
9.582390047358322338e-01
9.591921692015579204e-01
9.601221214714343866e-01
9.610304203856414595e-01
9.619186382951968595e-01
9.627883599644143642e-01
9.636411916364890917e-01
9.644787495046426296e-01
9.653026538992945937e-01
9.661144775682299901e-01
9.669156918782776389e-01
9.677076570951896883e-01
9.684916264831663346e-01
9.692687401149628901e-01
9.700400126447643601e-01
9.708097718288148936e-01
9.715780987497306675e-01
9.723446192687712486e-01
9.731088240419432100e-01
9.738700595971775398e-01
9.746275525556657993e-01
9.753809058005231680e-01
9.761331303266927994e-01
9.768836430355182232e-01
9.776317446754655416e-01
9.783766111591817305e-01
9.791173278723924733e-01
9.798529723048142737e-01
9.805826242588275843e-01
9.813053721573666843e-01
9.820203144997238232e-01
9.827265553430660772e-01
9.834232347237386040e-01
9.841097303532964080e-01
9.847876095038256006e-01
9.854563870234419598e-01
9.861156297130909687e-01
9.867649552577124616e-01
9.874040424101653279e-01
9.880326467635878185e-01
9.886506012815889921e-01
9.892578186468609092e-01
9.898542947328523578e-01
9.904401085731008303e-01
9.910154090377099045e-01
9.915804018908099815e-01
9.921353511393553593e-01
9.926805826850595427e-01
9.932164832998203741e-01
9.937434975975695250e-01
9.942620961722038464e-01
9.947727555312342318e-01
9.952759570235163444e-01
9.957721896932167915e-01
9.962619491192379328e-01
9.967457297503449221e-01
9.972240026579569649e-01
9.976972068407193861e-01
9.981657447556085971e-01
9.986299839075639673e-01
9.990902566948041130e-01
9.995468513320940884e-01
1.000000000000000444e+00
