1.858704712079785413e-05
4.970360942248004503e-04
1.269121361162904062e-03
2.201714336170586608e-03
3.213370800933588230e-03
4.274330793829384835e-03
5.406518688958022491e-03
6.683543131814692097e-03
8.230697083399966113e-03
1.022495780000260389e-02
1.289498674497908948e-02
1.652112976151870818e-02
2.113584876522788675e-02
2.591465114811972170e-02
3.085512624916587898e-02
3.595483196041727308e-02
4.121130044295518574e-02
4.662206288375989743e-02
5.218464956922775483e-02
5.787050891920822449e-02
6.365142753200887793e-02
6.949951641832663451e-02
7.538717622768022208e-02
8.128710592342278107e-02
8.719866197400365226e-02
9.312119178689502730e-02
9.905405311709475358e-02
1.049966133687142700e-01
1.109482400561405957e-01
1.169041318907148713e-01
1.228595562670878744e-01
1.288098247820403941e-01
1.347502996120877872e-01
1.406763941016165032e-01
1.465879002892540584e-01
1.524846067399470984e-01
1.583663050512208181e-01
1.642327900553508802e-01
1.700838602420864931e-01
1.759180534490779602e-01
1.817339200302544311e-01
1.875300253921622362e-01
1.933049544968846456e-01
1.990573040508546721e-01
2.047896617809303044e-01
2.105038684255416404e-01
2.161997715470728443e-01
2.218772215199354692e-01
2.275360707035015695e-01
2.331754091771677251e-01
2.387943392425410094e-01
2.443919746515100522e-01
2.499684773621494716e-01
2.555263422125168549e-01
2.610655452728103953e-01
2.665860543241803104e-01
2.720878222973313609e-01
2.775708046409275931e-01
2.830349600383834652e-01
2.884799144900552781e-01
2.939053056671320219e-01
2.993107910352699741e-01
3.046960307067395068e-01
3.100606874036664906e-01
3.154048013398805805e-01
3.207284127475907298e-01
3.260315623184875111e-01
3.313142914242942494e-01
3.365766417308024838e-01
3.418179973856331766e-01
3.470377469106721291e-01
3.522352825587958258e-01
3.574100011041795866e-01
3.625613037136428685e-01
3.676892767513473270e-01
3.727940070593155353e-01
3.778775854258646927e-01
3.829423357986554421e-01
3.879883542644800842e-01
3.930209871858307835e-01
3.980407351954803885e-01
4.030473603554767803e-01
4.080405954864587681e-01
4.130202399971388272e-01
4.179864270820433103e-01
4.229392070452178687e-01
4.278786228022440352e-01
4.328046643731814358e-01
4.377172661991952651e-01
4.426160424995335685e-01
4.475006176020396853e-01
4.523706259063935420e-01
4.572257207796756040e-01
4.620655399114541040e-01
4.668969016594771149e-01
4.717208319542626760e-01
4.765369835747547134e-01
4.813450263742335422e-01
4.861447013337312217e-01
4.909357640457947536e-01
4.957179267830457148e-01
5.004908624497222958e-01
5.052542074304648967e-01
5.100075643288267679e-01
5.147505484851910840e-01
5.194828001622230351e-01
5.242039843426979928e-01
5.289137914830511766e-01
5.336119366127938246e-01
5.382981585625841170e-01
5.429722134579676451e-01
5.476338671103622158e-01
5.522828870588363248e-01
5.569190351081283463e-01
5.615420606385939095e-01
5.661516995218296433e-01
5.707476741022939892e-01
5.753298825404848937e-01
5.799007402392808430e-01
5.844600027177117019e-01
5.890074151289025339e-01
5.935427110102834414e-01
5.980656106662144422e-01
6.025758202122637464e-01
6.070730304173140857e-01
6.115569167770797954e-01
6.160271389811081688e-01
6.204833414457781027e-01
6.249251531121281511e-01
6.293521869128578805e-01
6.337640386695719830e-01
6.381602847586139715e-01
6.425404807877589386e-01
6.469041594458397881e-01
6.512508289221302649e-01
6.555821344548291574e-01
6.599014053005808345e-01
6.642084034111576107e-01
6.685028894885418627e-01
6.727846223784103019e-01
6.770533566073125842e-01
6.813088391663000287e-01
6.855508064783473188e-01
6.897789818803929940e-01
6.939930722966929366e-01
6.981927684961298786e-01
7.023777447797660001e-01
7.065476587602916858e-01
7.107021515458182837e-01
7.148408479236707525e-01
7.189633553862864179e-01
7.230692638187677934e-01
7.271581445799193411e-01
7.312295499692484935e-01
7.352830128777601004e-01
7.393180461630610711e-01
7.433341436050823203e-01
7.473307787849435835e-01
7.513074058017447099e-01
7.552634587947048006e-01
7.591983518328867531e-01
7.631114775551314233e-01
7.670022067657141784e-01
7.708698874970021375e-01
7.747138446602483963e-01
7.785333794206967806e-01
7.823277698592355778e-01
7.860962704945365642e-01
7.898381123933306824e-01
7.935525043099223019e-01
7.972386379610379992e-01
8.008956944034312242e-01
8.045228507790722627e-01
8.081192864905808459e-01
8.116841885128334155e-01
8.152167526611324710e-01
8.187161834074138111e-01
8.221816940456601053e-01
8.256125063610738612e-01
8.290078516776957507e-01
8.323669722552283767e-01
8.356891244135113972e-01
8.389735808299294550e-01
8.422196331676470304e-01
8.454265941524650163e-01
8.485937979404063469e-01
8.517206004669215513e-01
8.548063788955113651e-01
8.578505321874836387e-01
8.608524824418015697e-01
8.638116846011731909e-01
8.667276377075127103e-01
8.696040526849372343e-01
8.724458352071357004e-01
8.752526226935011255e-01
8.780240670407727377e-01
8.807598344355678233e-01
8.834596057293181426e-01
8.861230760651712668e-01
8.887499551242726836e-01
8.913399676238437097e-01
8.938928529532721434e-01
8.964083660985892044e-01
8.988862776485347927e-01
9.013263739215580106e-01
9.037284572126509374e-01
9.060923459764059773e-01
9.084178742758216574e-01
9.107048921504392602e-01
9.129566433970013328e-01
9.151765659910128248e-01
9.173642744862243736e-01
9.195194040248382272e-01
9.216416179005754161e-01
9.237306131202408510e-01
9.257861220339641539e-01
9.278079121458933098e-01
9.297957859377536938e-01
9.317495812290816914e-01
9.336691702692887507e-01
9.355544557236306069e-01
9.374053657438883302e-01
9.392218494121488126e-01
9.410038719438169608e-01
9.427514107801840959e-01
9.444644547374680954e-01
9.461430039443238238e-01
9.477870699557945366e-01
9.493966756632535864e-01
9.509718562997501179e-01
9.525126641101800962e-01
9.540191740176132695e-01
9.554914892455101949e-01
9.569297470134561223e-01
9.583341231981422625e-01
9.597048333148185950e-01
9.610421325044283813e-01
9.623463155317701911e-01
9.636177167469014426e-01
9.648567087563175715e-01
9.660636954186145875e-01
9.672391034672205290e-01
9.683833741147476193e-01
9.694969547455650760e-01
9.705802918838922766e-01
9.716338298153545106e-01
9.726580105961721845e-01
9.736532740292680455e-01
9.746200577028634182e-01
9.755588054375881057e-01
9.764699573322709325e-01
9.773539542301008520e-01
9.782112451714187751e-01
9.790422908876152963e-01
9.798475666793236005e-01
9.806275629861768151e-01
9.813827853776180277e-01
9.821137545767935073e-01
9.828210064219564668e-01
9.835050910338859476e-01
9.841665682394504788e-01
9.848060022581627271e-01
9.854239562766204941e-01
9.860209870946275990e-01
9.865976406057324066e-01
9.871544509315648419e-01
9.876919403575086243e-01
9.882106194356253814e-01
9.887109868835686211e-01
9.891935298584347835e-01
9.896587251054672629e-01
9.901070402776875889e-01
9.905389353161779820e-01
9.909548637770644319e-01
9.913552739967619321e-01
9.917406092831186903e-01
9.921113079576888705e-01
9.924678033318390380e-01
9.928105237141001682e-01
9.931398922447541855e-01
9.934563262268286676e-01
9.937602363339508305e-01
9.940520257226287404e-01
9.943320892639984088e-01
9.946008127957874922e-01
9.948585730524740489e-01
9.951057376138249255e-01
9.953426649214368593e-01
9.955697042805743413e-01
9.957871958748731878e-01
9.959954709023469688e-01
9.961948517132316328e-01
9.963856519625332586e-01
9.965681767405210056e-01
9.967427227142472423e-01
9.969095781073303852e-01
9.970690227697961427e-01
9.972213281247779282e-01
9.973667571905713292e-01
9.975055646890724770e-01
9.976379976504553548e-01
9.977642961998044457e-01
9.978846942169303791e-01
9.979994201046231694e-01
9.981086974061952333e-01
9.982127449047296652e-01
9.983117766580008601e-01
9.984060019617158055e-01
9.984956255186034912e-01
9.985808478225414175e-01
9.986618631478640928e-01
9.987388599776000353e-01
9.988120204226867971e-01
9.988815197220551889e-01
9.989475257463891200e-01
9.990101989668805915e-01
9.990696924019303315e-01
9.991261516134714027e-01
9.991797147657832667e-01
9.992305127063603187e-01
9.992786695393449659e-01
9.993243034139980274e-01
9.993675375449055931e-01
9.994084821892725845e-01
9.994472420537661161e-01
9.994839177097190053e-01
9.995186055747502518e-01
9.995513979495238566e-01
9.995823829993694121e-01
9.996116449013160432e-01
9.996392661782592670e-01
9.996653296471628147e-01
9.996899133463817977e-01
9.997130941747568444e-01
9.997349484797507513e-01
9.997555522044824228e-01
9.997749808509684977e-01
9.997933094617440508e-01
9.998106126750002653e-01
9.998269642099650856e-01
9.998424408184451995e-01
9.998571232956852128e-01
9.998710717051200181e-01
9.998843331528032286e-01
9.998969388651045564e-01
9.999089036557107235e-01
9.999202259440049811e-01
9.999308877734464085e-01
9.999408547564320182e-01
9.999500774527415592e-01
9.999584981514860749e-01
9.999660590131216331e-01
9.999727101747049041e-01
9.999784179102862991e-01
9.999831713761001550e-01
9.999869839890092038e-01
9.999898934448839816e-01
9.999919616450857474e-01
9.999932748435005347e-01
9.999939420843018123e-01
9.999940876480729601e-01
9.999943334523501148e-01
9.999948418227930791e-01
9.999954956099730286e-01
9.999961963377933527e-01
9.999968656738307260e-01
9.999974454477145169e-01
9.999978976327473790e-01
9.999982043642847707e-01
9.999983670942884650e-01
9.999984022538205286e-01
9.999984687316184617e-01
9.999986047933100419e-01
9.999987798190413946e-01
9.999989674345686197e-01
9.999991466323928657e-01
9.999993018452775217e-01
9.999994228911104344e-01
9.999995049729035745e-01
9.999995487706897501e-01
9.999995604966601670e-01
9.999995783796841176e-01
9.999996149911780652e-01
9.999996620420940063e-01
9.999997124564152795e-01
9.999997606284662943e-01
9.999998023677748593e-01
9.999998349174514800e-01
9.999998570277061072e-01
9.999998687904351202e-01
9.999998714002905631e-01
9.999998777227573354e-01
9.999998886400401910e-01
9.999999020752822210e-01
9.999999162640740291e-01
9.999999297912123275e-01
9.999999416274583108e-01
9.999999510743999842e-01
9.999999578195898353e-01
9.999999618997864603e-01
9.999999636090579624e-01
9.999999649323649820e-01
9.999999675973583191e-01
9.999999709975221363e-01
9.999999746366163844e-01
9.999999781286765810e-01
9.999999811428759156e-01
9.999999835138009274e-01
9.999999851311761612e-01
9.999999859950016168e-01
9.999999865463795601e-01
9.999999873550672325e-01
9.999999884762023061e-01
9.999999897443715424e-01
9.999999910492992639e-01
9.999999922807099040e-01
9.999999933834657906e-01
9.999999943024290294e-01
9.999999950008410243e-01
9.999999954970811844e-01
9.999999958095286967e-01
9.999999960668384258e-01
9.999999963057688568e-01
9.999999965630785859e-01
9.999999968387675020e-01
9.999999970960772311e-01
9.999999973350076621e-01
9.999999975188003098e-01
9.999999976842136595e-01
9.999999978312478222e-01
9.999999979599026867e-01
9.999999981069368493e-01
9.999999982723501990e-01
9.999999984561428468e-01
9.999999986399354945e-01
9.999999988053488442e-01
9.999999989523830068e-01
9.999999990994171695e-01
9.999999992096927359e-01
9.999999993015890043e-01
9.999999993751060856e-01
9.999999994302438688e-01
9.999999994853816521e-01
9.999999995588987334e-01
9.999999996324158147e-01
9.999999997243120831e-01
9.999999998162083514e-01
9.999999998897254327e-01
9.999999999632425141e-01
1.000000000000001110e+00
1.000000000000001110e+00
