1.043700000000000000e+04
1.779900000000000000e+04
1.843100000000000000e+04
5.165000000000000000e+03
2.339300000000000000e+04
9.797000000000000000e+03
2.307500000000000000e+04
1.281000000000000000e+03
2.573000000000000000e+03
5.458000000000000000e+03
6.577000000000000000e+03
4.391000000000000000e+03
5.981000000000000000e+03
3.589000000000000000e+03
1.143200000000000000e+04
2.492600000000000000e+04
1.876600000000000000e+04
1.514700000000000000e+04
3.178000000000000000e+03
1.830300000000000000e+04
4.455000000000000000e+03
2.694000000000000000e+03
9.351000000000000000e+03
3.367000000000000000e+03
2.360400000000000000e+04
7.166000000000000000e+03
1.725000000000000000e+03
2.392900000000000000e+04
2.538900000000000000e+04
1.257200000000000000e+04
1.385600000000000000e+04
7.418000000000000000e+03
9.398000000000000000e+03
2.234300000000000000e+04
1.562000000000000000e+04
2.189300000000000000e+04
1.961200000000000000e+04
9.250000000000000000e+03
1.634500000000000000e+04
3.467000000000000000e+03
4.800000000000000000e+03
2.376300000000000000e+04
1.243400000000000000e+04
2.186800000000000000e+04
1.303200000000000000e+04
7.407000000000000000e+03
2.388100000000000000e+04
6.470000000000000000e+03
2.114800000000000000e+04
1.096000000000000000e+03
2.561100000000000000e+04
5.571000000000000000e+03
5.398000000000000000e+03
7.309000000000000000e+03
2.537300000000000000e+04
3.513000000000000000e+03
2.708900000000000000e+04
1.230500000000000000e+04
2.721700000000000000e+04
3.578000000000000000e+03
8.483000000000000000e+03
8.622000000000000000e+03
2.649300000000000000e+04
1.567000000000000000e+04
2.736400000000000000e+04
3.660000000000000000e+03
5.810000000000000000e+03
2.123100000000000000e+04
2.497300000000000000e+04
2.313300000000000000e+04
9.648000000000000000e+03
1.795900000000000000e+04
1.582200000000000000e+04
1.820600000000000000e+04
4.125000000000000000e+03
4.220000000000000000e+03
6.055000000000000000e+03
2.598000000000000000e+04
3.537000000000000000e+03
1.125700000000000000e+04
1.297200000000000000e+04
2.469300000000000000e+04
2.602500000000000000e+04
1.643700000000000000e+04
8.258000000000000000e+03
6.335000000000000000e+03
1.572400000000000000e+04
6.330000000000000000e+02
2.346500000000000000e+04
1.127700000000000000e+04
8.900000000000000000e+01
2.327900000000000000e+04
5.936000000000000000e+03
7.572000000000000000e+03
2.239500000000000000e+04
1.157500000000000000e+04
1.053300000000000000e+04
2.409900000000000000e+04
2.880000000000000000e+03
7.460000000000000000e+02
2.103400000000000000e+04
1.090000000000000000e+03
4.908000000000000000e+03
5.379000000000000000e+03
1.858600000000000000e+04
1.642600000000000000e+04
1.328200000000000000e+04
4.210000000000000000e+02
7.320000000000000000e+03
1.606000000000000000e+03
2.075000000000000000e+03
3.945000000000000000e+03
1.936400000000000000e+04
1.245900000000000000e+04
1.061800000000000000e+04
6.566000000000000000e+03
2.597000000000000000e+04
2.563100000000000000e+04
1.402300000000000000e+04
2.152900000000000000e+04
1.040200000000000000e+04
1.323300000000000000e+04
1.855700000000000000e+04
8.983000000000000000e+03
6.761000000000000000e+03
1.830000000000000000e+02
2.129200000000000000e+04
2.067000000000000000e+03
1.819600000000000000e+04
1.047900000000000000e+04
3.300000000000000000e+03
2.036700000000000000e+04
6.570000000000000000e+03
1.456000000000000000e+03
3.936000000000000000e+03
2.116400000000000000e+04
2.403800000000000000e+04
1.528500000000000000e+04
1.383500000000000000e+04
6.602000000000000000e+03
4.423000000000000000e+03
1.933400000000000000e+04
2.329900000000000000e+04
2.424300000000000000e+04
1.346700000000000000e+04
6.194000000000000000e+03
8.969000000000000000e+03
2.663000000000000000e+04
1.037000000000000000e+03
8.075000000000000000e+03
1.420700000000000000e+04
1.094500000000000000e+04
5.841000000000000000e+03
1.271000000000000000e+04
1.225800000000000000e+04
1.949000000000000000e+03
1.506600000000000000e+04
1.829000000000000000e+03
5.060000000000000000e+03
2.224900000000000000e+04
1.105700000000000000e+04
3.969000000000000000e+03
3.881000000000000000e+03
2.135900000000000000e+04
2.031900000000000000e+04
7.089000000000000000e+03
2.499300000000000000e+04
8.255000000000000000e+03
2.402900000000000000e+04
5.832000000000000000e+03
1.493000000000000000e+04
1.394000000000000000e+04
2.533200000000000000e+04
2.593700000000000000e+04
2.049900000000000000e+04
2.449200000000000000e+04
1.304200000000000000e+04
1.705000000000000000e+03
1.949600000000000000e+04
1.628900000000000000e+04
2.670600000000000000e+04
1.956300000000000000e+04
9.328000000000000000e+03
1.355100000000000000e+04
8.995000000000000000e+03
4.400000000000000000e+02
2.588800000000000000e+04
2.053000000000000000e+03
1.098400000000000000e+04
1.898000000000000000e+04
1.004200000000000000e+04
5.900000000000000000e+01
1.122900000000000000e+04
1.441100000000000000e+04
2.258800000000000000e+04
1.870000000000000000e+02
2.368400000000000000e+04
1.879800000000000000e+04
1.162000000000000000e+04
1.210000000000000000e+02
1.374500000000000000e+04
4.953000000000000000e+03
7.962000000000000000e+03
1.894000000000000000e+03
1.229100000000000000e+04
5.307000000000000000e+03
2.608800000000000000e+04
9.348000000000000000e+03
1.716400000000000000e+04
2.369300000000000000e+04
1.077000000000000000e+03
2.711000000000000000e+04
1.229000000000000000e+03
2.355200000000000000e+04
2.434300000000000000e+04
5.553000000000000000e+03
2.611800000000000000e+04
2.430000000000000000e+04
1.620800000000000000e+04
1.445700000000000000e+04
1.958700000000000000e+04
2.003300000000000000e+04
1.096400000000000000e+04
6.989000000000000000e+03
4.051000000000000000e+03
8.980000000000000000e+02
2.008400000000000000e+04
2.422000000000000000e+04
8.287000000000000000e+03
6.217000000000000000e+03
9.504000000000000000e+03
2.594000000000000000e+03
2.164800000000000000e+04
1.107900000000000000e+04
4.332000000000000000e+03
1.866200000000000000e+04
1.911400000000000000e+04
8.151000000000000000e+03
2.309800000000000000e+04
2.280300000000000000e+04
4.874000000000000000e+03
1.587100000000000000e+04
7.413000000000000000e+03
2.119400000000000000e+04
5.064000000000000000e+03
1.627800000000000000e+04
2.387600000000000000e+04
1.511400000000000000e+04
6.215000000000000000e+03
1.854900000000000000e+04
5.000000000000000000e+01
1.404300000000000000e+04
3.771000000000000000e+03
1.643200000000000000e+04
1.135800000000000000e+04
2.594000000000000000e+04
1.031900000000000000e+04
8.045000000000000000e+03
1.935700000000000000e+04
1.732700000000000000e+04
6.869000000000000000e+03
1.306600000000000000e+04
2.359900000000000000e+04
2.163700000000000000e+04
1.934700000000000000e+04
1.259000000000000000e+03
4.735000000000000000e+03
6.075000000000000000e+03
4.312000000000000000e+03
5.084000000000000000e+03
8.115000000000000000e+03
2.248400000000000000e+04
2.806000000000000000e+03
1.683700000000000000e+04
1.468300000000000000e+04
1.727500000000000000e+04
2.153500000000000000e+04
1.194200000000000000e+04
2.568500000000000000e+04
2.078700000000000000e+04
1.060400000000000000e+04
2.484500000000000000e+04
3.135000000000000000e+03
4.550000000000000000e+02
2.709800000000000000e+04
2.683100000000000000e+04
2.272600000000000000e+04
2.607900000000000000e+04
2.607000000000000000e+04
1.633000000000000000e+03
1.417700000000000000e+04
9.310000000000000000e+03
1.937400000000000000e+04
8.368000000000000000e+03
1.307600000000000000e+04
1.864600000000000000e+04
1.256700000000000000e+04
2.692200000000000000e+04
1.017800000000000000e+04
1.242100000000000000e+04
4.991000000000000000e+03
1.403500000000000000e+04
7.360000000000000000e+02
1.753600000000000000e+04
8.322000000000000000e+03
1.095200000000000000e+04
2.282200000000000000e+04
7.771000000000000000e+03
1.503600000000000000e+04
2.470400000000000000e+04
2.031100000000000000e+04
5.022000000000000000e+03
7.077000000000000000e+03
2.261700000000000000e+04
2.466500000000000000e+04
3.899000000000000000e+03
3.609000000000000000e+03
7.736000000000000000e+03
2.453900000000000000e+04
5.003000000000000000e+03
1.767100000000000000e+04
6.819000000000000000e+03
1.426800000000000000e+04
1.362600000000000000e+04
5.656000000000000000e+03
1.522200000000000000e+04
2.182700000000000000e+04
2.324700000000000000e+04
1.512200000000000000e+04
2.360800000000000000e+04
6.923000000000000000e+03
2.354100000000000000e+04
4.231000000000000000e+03
5.449000000000000000e+03
4.761000000000000000e+03
2.538500000000000000e+04
1.416000000000000000e+03
5.987000000000000000e+03
9.614000000000000000e+03
1.535400000000000000e+04
1.043500000000000000e+04
2.349900000000000000e+04
8.473000000000000000e+03
1.125800000000000000e+04
8.343000000000000000e+03
3.130000000000000000e+02
2.431900000000000000e+04
2.415000000000000000e+03
2.766000000000000000e+03
4.875000000000000000e+03
1.028700000000000000e+04
2.731200000000000000e+04
2.145400000000000000e+04
2.120100000000000000e+04
2.009900000000000000e+04
1.126000000000000000e+04
1.671400000000000000e+04
1.188400000000000000e+04
3.200000000000000000e+02
2.310800000000000000e+04
1.122000000000000000e+03
1.660000000000000000e+02
1.078800000000000000e+04
7.251000000000000000e+03
2.518900000000000000e+04
1.233600000000000000e+04
2.044100000000000000e+04
2.601000000000000000e+03
7.351000000000000000e+03
1.338400000000000000e+04
1.516600000000000000e+04
7.803000000000000000e+03
2.053100000000000000e+04
1.981600000000000000e+04
2.203200000000000000e+04
1.826700000000000000e+04
5.179000000000000000e+03
2.523700000000000000e+04
1.655500000000000000e+04
8.226000000000000000e+03
2.850000000000000000e+02
1.102100000000000000e+04
1.187700000000000000e+04
2.662600000000000000e+04
3.872000000000000000e+03
4.468000000000000000e+03
2.241900000000000000e+04
2.486200000000000000e+04
6.143000000000000000e+03
2.136300000000000000e+04
9.424000000000000000e+03
7.141000000000000000e+03
2.604900000000000000e+04
1.219000000000000000e+03
3.859000000000000000e+03
1.416600000000000000e+04
6.371000000000000000e+03
1.343200000000000000e+04
7.637000000000000000e+03
1.013700000000000000e+04
2.663300000000000000e+04
2.439900000000000000e+04
1.254100000000000000e+04
1.789000000000000000e+03
1.667600000000000000e+04
1.890400000000000000e+04
1.979600000000000000e+04
1.219100000000000000e+04
4.797000000000000000e+03
1.620300000000000000e+04
3.477000000000000000e+03
1.379000000000000000e+03
2.024600000000000000e+04
2.282600000000000000e+04
2.703700000000000000e+04
6.171000000000000000e+03
1.071500000000000000e+04
1.033200000000000000e+04
7.000000000000000000e+01
5.870000000000000000e+02
2.093000000000000000e+03
9.067000000000000000e+03
2.701600000000000000e+04
1.848600000000000000e+04
1.952700000000000000e+04
1.657300000000000000e+04
2.203300000000000000e+04
2.325000000000000000e+03
2.636300000000000000e+04
9.544000000000000000e+03
7.822000000000000000e+03
1.671300000000000000e+04
2.721200000000000000e+04
1.794300000000000000e+04
6.170000000000000000e+02
1.140300000000000000e+04
1.886600000000000000e+04
1.409000000000000000e+03
1.129000000000000000e+04
1.390200000000000000e+04
8.807000000000000000e+03
7.566000000000000000e+03
1.464400000000000000e+04
1.630500000000000000e+04
1.382200000000000000e+04
2.742500000000000000e+04
2.643300000000000000e+04
8.847000000000000000e+03
2.489000000000000000e+03
1.542000000000000000e+03
1.415700000000000000e+04
1.144100000000000000e+04
1.691000000000000000e+03
2.731600000000000000e+04
1.566000000000000000e+04
3.820000000000000000e+03
1.237000000000000000e+04
2.866000000000000000e+03
2.669800000000000000e+04
6.464000000000000000e+03
1.119300000000000000e+04
1.896000000000000000e+03
2.025000000000000000e+04
2.507200000000000000e+04
1.224600000000000000e+04
2.711200000000000000e+04
1.731700000000000000e+04
2.411900000000000000e+04
1.694500000000000000e+04
2.143300000000000000e+04
2.722300000000000000e+04
8.841000000000000000e+03
2.552100000000000000e+04
7.839000000000000000e+03
1.088700000000000000e+04
3.400000000000000000e+01
1.930900000000000000e+04
8.304000000000000000e+03
5.163000000000000000e+03
7.521000000000000000e+03
1.017100000000000000e+04
1.704000000000000000e+04
3.841000000000000000e+03
1.297500000000000000e+04
1.920100000000000000e+04
8.894000000000000000e+03
2.381600000000000000e+04
1.680100000000000000e+04
6.752000000000000000e+03
1.725500000000000000e+04
1.248000000000000000e+03
2.082000000000000000e+03
1.806300000000000000e+04
8.945000000000000000e+03
1.829100000000000000e+04
1.157800000000000000e+04
3.202000000000000000e+03
1.026400000000000000e+04
3.976000000000000000e+03
2.194400000000000000e+04
8.092000000000000000e+03
2.001000000000000000e+03
1.442600000000000000e+04
6.467000000000000000e+03
1.625800000000000000e+04
2.088600000000000000e+04
1.374300000000000000e+04
9.427000000000000000e+03
2.952000000000000000e+03
1.540600000000000000e+04
2.245100000000000000e+04
2.505400000000000000e+04
3.817000000000000000e+03
2.236600000000000000e+04
1.000300000000000000e+04
2.182600000000000000e+04
1.772600000000000000e+04
1.718900000000000000e+04
2.185300000000000000e+04
6.894000000000000000e+03
1.021200000000000000e+04
2.450000000000000000e+04
2.688700000000000000e+04
1.313500000000000000e+04
1.140100000000000000e+04
2.114300000000000000e+04
4.774000000000000000e+03
5.719000000000000000e+03
2.406800000000000000e+04
1.187000000000000000e+04
8.448000000000000000e+03
1.453800000000000000e+04
2.628100000000000000e+04
1.423200000000000000e+04
2.488400000000000000e+04
6.240000000000000000e+02
1.634300000000000000e+04
2.592900000000000000e+04
2.125000000000000000e+04
9.809000000000000000e+03
2.147800000000000000e+04
2.368300000000000000e+04
2.500700000000000000e+04
1.220400000000000000e+04
6.751000000000000000e+03
1.653800000000000000e+04
1.290000000000000000e+03
7.557000000000000000e+03
2.927000000000000000e+03
1.294800000000000000e+04
1.057900000000000000e+04
9.454000000000000000e+03
2.369400000000000000e+04
2.514700000000000000e+04
2.584500000000000000e+04
1.891100000000000000e+04
6.462000000000000000e+03
2.629100000000000000e+04
1.748600000000000000e+04
1.910000000000000000e+02
2.309600000000000000e+04
7.840000000000000000e+02
4.162000000000000000e+03
6.634000000000000000e+03
2.259100000000000000e+04
1.026100000000000000e+04
1.124600000000000000e+04
2.733200000000000000e+04
6.182000000000000000e+03
1.169600000000000000e+04
2.236500000000000000e+04
2.650800000000000000e+04
1.356300000000000000e+04
4.534000000000000000e+03
1.047000000000000000e+04
2.356500000000000000e+04
2.093300000000000000e+04
8.554000000000000000e+03
2.205000000000000000e+04
2.486500000000000000e+04
9.632000000000000000e+03
2.545200000000000000e+04
2.006000000000000000e+04
1.110000000000000000e+03
2.557400000000000000e+04
6.690000000000000000e+03
5.843000000000000000e+03
1.691600000000000000e+04
2.587200000000000000e+04
6.411000000000000000e+03
1.494900000000000000e+04
1.205900000000000000e+04
7.140000000000000000e+02
4.597000000000000000e+03
2.240800000000000000e+04
2.077300000000000000e+04
2.524000000000000000e+04
2.647700000000000000e+04
1.790000000000000000e+04
7.731000000000000000e+03
1.128400000000000000e+04
1.703000000000000000e+04
2.121900000000000000e+04
1.740300000000000000e+04
1.463400000000000000e+04
1.925900000000000000e+04
1.759700000000000000e+04
1.942700000000000000e+04
1.745200000000000000e+04
4.939000000000000000e+03
1.553200000000000000e+04
1.795000000000000000e+03
9.188000000000000000e+03
2.449900000000000000e+04
2.154800000000000000e+04
2.482600000000000000e+04
3.348000000000000000e+03
3.346000000000000000e+03
1.117000000000000000e+04
3.906000000000000000e+03
1.762600000000000000e+04
3.409000000000000000e+03
2.712300000000000000e+04
1.306000000000000000e+04
2.505200000000000000e+04
7.100000000000000000e+02
1.189300000000000000e+04
6.873000000000000000e+03
6.770000000000000000e+02
1.708000000000000000e+04
2.063600000000000000e+04
1.748300000000000000e+04
9.434000000000000000e+03
1.121200000000000000e+04
6.381000000000000000e+03
8.174000000000000000e+03
3.682000000000000000e+03
2.075200000000000000e+04
2.050000000000000000e+04
2.208300000000000000e+04
2.641500000000000000e+04
2.421000000000000000e+03
5.583000000000000000e+03
5.723000000000000000e+03
2.071100000000000000e+04
2.625800000000000000e+04
2.061600000000000000e+04
3.240000000000000000e+02
1.558300000000000000e+04
7.538000000000000000e+03
1.959300000000000000e+04
1.119500000000000000e+04
1.920400000000000000e+04
2.324000000000000000e+03
1.520000000000000000e+04
5.191000000000000000e+03
2.291400000000000000e+04
4.987000000000000000e+03
1.193000000000000000e+03
7.516000000000000000e+03
6.586000000000000000e+03
2.554600000000000000e+04
1.744900000000000000e+04
7.245000000000000000e+03
2.487900000000000000e+04
6.161000000000000000e+03
2.227900000000000000e+04
1.556000000000000000e+03
2.535700000000000000e+04
2.777000000000000000e+03
2.666800000000000000e+04
3.698000000000000000e+03
9.005000000000000000e+03
1.673200000000000000e+04
1.840600000000000000e+04
2.585000000000000000e+03
5.123000000000000000e+03
1.357100000000000000e+04
3.965000000000000000e+03
4.859000000000000000e+03
1.423100000000000000e+04
5.690000000000000000e+03
9.376000000000000000e+03
1.710600000000000000e+04
1.307300000000000000e+04
2.303600000000000000e+04
1.629500000000000000e+04
2.206600000000000000e+04
1.301300000000000000e+04
1.997100000000000000e+04
1.084900000000000000e+04
2.383500000000000000e+04
8.924000000000000000e+03
1.671800000000000000e+04
2.344800000000000000e+04
1.422200000000000000e+04
2.034800000000000000e+04
2.261800000000000000e+04
2.033400000000000000e+04
6.950000000000000000e+03
3.352000000000000000e+03
1.072500000000000000e+04
2.631400000000000000e+04
5.716000000000000000e+03
6.035000000000000000e+03
6.890000000000000000e+03
2.166400000000000000e+04
1.802200000000000000e+04
7.862000000000000000e+03
2.424800000000000000e+04
2.637500000000000000e+04
1.550600000000000000e+04
5.614000000000000000e+03
2.249500000000000000e+04
2.019500000000000000e+04
1.013800000000000000e+04
2.445500000000000000e+04
1.148500000000000000e+04
1.419700000000000000e+04
3.090000000000000000e+03
7.984000000000000000e+03
2.615100000000000000e+04
2.134800000000000000e+04
1.480500000000000000e+04
1.804500000000000000e+04
1.415800000000000000e+04
2.709300000000000000e+04
1.922300000000000000e+04
1.256800000000000000e+04
1.383300000000000000e+04
1.103000000000000000e+03
1.503400000000000000e+04
1.535100000000000000e+04
2.232000000000000000e+04
1.225400000000000000e+04
7.591000000000000000e+03
1.243900000000000000e+04
2.683700000000000000e+04
6.707000000000000000e+03
8.972000000000000000e+03
2.512800000000000000e+04
5.111000000000000000e+03
1.405000000000000000e+03
9.079000000000000000e+03
1.266500000000000000e+04
1.355600000000000000e+04
2.448000000000000000e+04
1.535500000000000000e+04
8.553000000000000000e+03
1.163800000000000000e+04
7.441000000000000000e+03
8.854000000000000000e+03
3.427000000000000000e+03
2.669900000000000000e+04
1.232400000000000000e+04
2.562100000000000000e+04
7.073000000000000000e+03
1.482200000000000000e+04
1.636800000000000000e+04
1.004500000000000000e+04
2.682700000000000000e+04
6.296000000000000000e+03
5.409000000000000000e+03
2.120300000000000000e+04
1.219700000000000000e+04
4.340000000000000000e+02
1.899700000000000000e+04
1.247800000000000000e+04
2.666900000000000000e+04
2.001300000000000000e+04
2.675700000000000000e+04
2.740900000000000000e+04
3.304000000000000000e+03
2.574000000000000000e+03
1.443500000000000000e+04
7.259000000000000000e+03
1.158000000000000000e+03
1.290500000000000000e+04
1.197100000000000000e+04
1.799700000000000000e+04
2.092400000000000000e+04
2.631100000000000000e+04
8.958000000000000000e+03
2.438600000000000000e+04
2.691500000000000000e+04
9.688000000000000000e+03
4.382000000000000000e+03
1.314300000000000000e+04
1.198500000000000000e+04
2.096400000000000000e+04
8.414000000000000000e+03
2.723300000000000000e+04
1.953000000000000000e+04
1.242000000000000000e+04
1.796700000000000000e+04
2.136200000000000000e+04
8.815000000000000000e+03
1.734700000000000000e+04
6.442000000000000000e+03
8.655000000000000000e+03
1.147700000000000000e+04
6.377000000000000000e+03
1.732200000000000000e+04
5.220000000000000000e+03
1.230400000000000000e+04
2.205500000000000000e+04
2.736000000000000000e+04
2.127500000000000000e+04
2.919000000000000000e+03
1.466000000000000000e+04
3.645000000000000000e+03
3.619000000000000000e+03
1.105100000000000000e+04
2.182800000000000000e+04
1.603000000000000000e+03
4.916000000000000000e+03
3.072000000000000000e+03
2.322800000000000000e+04
1.003200000000000000e+04
1.026000000000000000e+04
8.351000000000000000e+03
2.697000000000000000e+04
1.349700000000000000e+04
1.237900000000000000e+04
2.443100000000000000e+04
1.233800000000000000e+04
5.668000000000000000e+03
5.692000000000000000e+03
8.577000000000000000e+03
1.483400000000000000e+04
1.600000000000000000e+04
1.912000000000000000e+03
2.615500000000000000e+04
1.681600000000000000e+04
2.494600000000000000e+04
3.483000000000000000e+03
5.192000000000000000e+03
1.484400000000000000e+04
1.990500000000000000e+04
5.223000000000000000e+03
5.100000000000000000e+02
1.644200000000000000e+04
7.390000000000000000e+02
1.010700000000000000e+04
2.038500000000000000e+04
1.767300000000000000e+04
2.573000000000000000e+04
4.480000000000000000e+03
5.401000000000000000e+03
2.457400000000000000e+04
2.740000000000000000e+04
6.120000000000000000e+03
2.069600000000000000e+04
3.956000000000000000e+03
1.236200000000000000e+04
2.520100000000000000e+04
2.632000000000000000e+03
5.474000000000000000e+03
2.119800000000000000e+04
9.570000000000000000e+03
1.643000000000000000e+03
2.235900000000000000e+04
2.101500000000000000e+04
2.042300000000000000e+04
8.467000000000000000e+03
1.077900000000000000e+04
6.166000000000000000e+03
2.372500000000000000e+04
1.614600000000000000e+04
2.512400000000000000e+04
2.398100000000000000e+04
9.770000000000000000e+02
1.050900000000000000e+04
4.180000000000000000e+02
7.369000000000000000e+03
1.399000000000000000e+04
1.051100000000000000e+04
2.119000000000000000e+04
2.087100000000000000e+04
2.060200000000000000e+04
1.364400000000000000e+04
1.150500000000000000e+04
2.095700000000000000e+04
2.317000000000000000e+03
8.904000000000000000e+03
2.207000000000000000e+03
8.702000000000000000e+03
1.378800000000000000e+04
4.574000000000000000e+03
1.182300000000000000e+04
5.247000000000000000e+03
8.185000000000000000e+03
1.584800000000000000e+04
1.807600000000000000e+04
2.085500000000000000e+04
4.520000000000000000e+03
2.702800000000000000e+04
2.583000000000000000e+03
8.903000000000000000e+03
2.000000000000000000e+02
9.399000000000000000e+03
9.058000000000000000e+03
2.686900000000000000e+04
2.367100000000000000e+04
1.789600000000000000e+04
2.098600000000000000e+04
1.454800000000000000e+04
9.994000000000000000e+03
1.483000000000000000e+03
2.621000000000000000e+04
1.684900000000000000e+04
3.169000000000000000e+03
4.319000000000000000e+03
2.154100000000000000e+04
1.311900000000000000e+04
1.668700000000000000e+04
1.908900000000000000e+04
1.558000000000000000e+03
2.555000000000000000e+04
2.272400000000000000e+04
1.348100000000000000e+04
1.816800000000000000e+04
2.609200000000000000e+04
5.455000000000000000e+03
2.171400000000000000e+04
7.972000000000000000e+03
8.602000000000000000e+03
5.347000000000000000e+03
1.172000000000000000e+04
9.002000000000000000e+03
1.252500000000000000e+04
2.654800000000000000e+04
6.638000000000000000e+03
2.108600000000000000e+04
2.130000000000000000e+03
8.417000000000000000e+03
9.699000000000000000e+03
1.384400000000000000e+04
2.097000000000000000e+04
7.358000000000000000e+03
1.873000000000000000e+04
8.424000000000000000e+03
5.564000000000000000e+03
8.184000000000000000e+03
9.341000000000000000e+03
4.007000000000000000e+03
1.255100000000000000e+04
2.131000000000000000e+03
1.678700000000000000e+04
1.280700000000000000e+04
2.118600000000000000e+04
2.636100000000000000e+04
8.421000000000000000e+03
1.930400000000000000e+04
1.552300000000000000e+04
8.640000000000000000e+02
1.809100000000000000e+04
1.238800000000000000e+04
2.206800000000000000e+04
2.568600000000000000e+04
2.649800000000000000e+04
8.802000000000000000e+03
1.973400000000000000e+04
1.450500000000000000e+04
2.213500000000000000e+04
1.377100000000000000e+04
2.744500000000000000e+04
2.583900000000000000e+04
2.667200000000000000e+04
1.996600000000000000e+04
2.599000000000000000e+04
5.772000000000000000e+03
2.365000000000000000e+04
7.487000000000000000e+03
1.594700000000000000e+04
2.681300000000000000e+04
1.993900000000000000e+04
2.478100000000000000e+04
1.383400000000000000e+04
9.135000000000000000e+03
3.981000000000000000e+03
2.012100000000000000e+04
1.437800000000000000e+04
1.674800000000000000e+04
1.339200000000000000e+04
2.398500000000000000e+04
1.240500000000000000e+04
2.646000000000000000e+04
5.283000000000000000e+03
1.145700000000000000e+04
1.997500000000000000e+04
1.945300000000000000e+04
8.563000000000000000e+03
1.210900000000000000e+04
1.544000000000000000e+03
2.486700000000000000e+04
2.630000000000000000e+02
8.949000000000000000e+03
8.096000000000000000e+03
9.470000000000000000e+03
