5.000000000000000000e+00
5.302027159096584619e+00
5.515025213689971118e+00
5.698678454023145434e+00
5.833004300792235419e+00
5.933188902793573583e+00
6.012088507991959041e+00
6.073371866427800470e+00
6.127231300871168962e+00
6.175386393747595015e+00
6.222733173919967165e+00
6.269234829443070645e+00
6.315221522286139866e+00
6.360201451883430224e+00
6.405019600667945845e+00
6.448595099883897674e+00
6.492170599099850392e+00
6.534680048466310787e+00
6.576956002932783818e+00
6.618683536568584991e+00
6.659753944788017854e+00
6.700801853264117369e+00
6.740751293117840603e+00
6.780700732971564726e+00
6.820202465333749409e+00
6.859285778610393791e+00
6.898369091887038174e+00
6.936836551825456887e+00
6.975277193721046487e+00
7.013560274610239453e+00
7.051559393047398316e+00
7.089558511484557179e+00
7.127372415271414852e+00
7.165116141882315048e+00
7.202853920920394337e+00
7.240519153165887012e+00
7.278184385411379687e+00
7.315818445952273485e+00
7.353409601363949832e+00
7.391000756775626179e+00
7.428538934683050599e+00
7.466060438034290314e+00
7.503575703773126548e+00
7.541031866972332409e+00
7.578488030171539158e+00
7.615918170668062537e+00
7.653313201229454243e+00
7.690708231790845950e+00
7.728060451128103026e+00
7.765398515810772118e+00
7.802734620767036944e+00
7.840045946827764567e+00
7.877357272888491302e+00
7.914669750329278664e+00
7.951984005062131544e+00
7.989298259794983537e+00
8.026635574064831857e+00
8.063982161309390051e+00
8.101330939177598722e+00
8.138739097377040821e+00
8.176147255576484696e+00
8.213588307525142795e+00
8.251087240863936856e+00
8.288586174202729140e+00
8.326149479870942116e+00
8.363740952360126713e+00
8.401335769010570331e+00
8.439021589744633900e+00
8.476707410478699245e+00
8.514429957955501393e+00
8.552211940379910615e+00
8.589993922804319837e+00
8.627847935307581650e+00
8.665727896147126685e+00
8.703617361992568746e+00
8.741597118708870795e+00
8.779576875425172844e+00
8.817607419442222039e+00
8.855697042863662105e+00
8.893786666285100395e+00
8.931976736445760068e+00
8.970186385707911825e+00
9.008424660379311888e+00
9.046764581472306332e+00
9.085104502565300777e+00
9.123530392704136460e+00
9.162010903580105392e+00
9.200493343392684764e+00
9.239124900834957188e+00
9.277756458277229612e+00
9.316445169571316853e+00
9.355211456095323896e+00
9.393977742619330940e+00
9.432848040025056946e+00
9.471737467034452962e+00
9.510661043079789323e+00
9.549675439476770222e+00
9.588689835873752898e+00
9.627794278034111031e+00
9.666935481089074855e+00
9.706096658368077001e+00
9.745366519609047984e+00
9.784636380850018966e+00
9.823988951748589216e+00
9.863394676951983797e+00
9.902810573442421216e+00
9.942359423425742193e+00
9.981908273409064947e+00
1.002153875108634651e+01
1.006123805373584723e+01
1.010094090858835791e+01
1.014079065559883475e+01
1.018064040260931158e+01
1.022055886171622419e+01
1.026054224170207085e+01
1.030052739252778338e+01
1.034064547807246548e+01
1.038076356361714758e+01
1.042095236034663941e+01
1.046120629710398831e+01
1.050146520796369032e+01
1.054185626467612913e+01
1.058224732138856794e+01
1.062271594103265215e+01
1.066324538437141456e+01
1.070378783401633349e+01
1.074445692302608180e+01
1.078512601203582832e+01
1.082588606421910882e+01
1.086669856764675401e+01
1.090753815504698743e+01
1.094849782320163634e+01
1.098945749135628525e+01
1.103052917131458344e+01
1.107163967427368689e+01
1.111279811125921491e+01
1.115406316830013544e+01
1.119532822534105598e+01
1.123673368253099802e+01
1.127815706426379805e+01
1.131965571318243313e+01
1.136123832629184705e+01
1.140283180352827053e+01
1.144457456144264107e+01
1.148631731935701161e+01
1.152816834514397648e+01
1.157007216461038546e+01
1.161202227741492798e+01
1.165408807669620295e+01
1.169615387597747969e+01
1.173836768347675452e+01
1.178059638534545961e+01
1.182291651484989892e+01
1.186531436701957887e+01
1.190774414240855883e+01
1.195031749217490891e+01
1.199289084194125721e+01
1.203561576299885694e+01
1.207837106806394800e+01
1.212121952652897683e+01
1.216416335434748852e+01
1.220713948881439315e+01
1.225027852355368196e+01
1.229341755829297078e+01
1.233672290624298284e+01
1.238005820082980790e+01
1.242350001009199367e+01
1.246703261785294536e+01
1.251060918579649872e+01
1.255432292564645991e+01
1.259803666549642287e+01
1.264190561069974095e+01
1.268578185451543838e+01
1.272976819557760919e+01
1.277380731745702391e+01
1.281789390640013515e+01
1.286205016132575274e+01
1.290622234715571537e+01
1.295049194431378758e+01
1.299476154147185980e+01
1.303913344302614163e+01
1.308351907508779455e+01
1.312797953736043866e+01
1.317248419544140603e+01
1.321703522009675247e+01
1.326166134185014478e+01
1.330630450143826060e+01
1.335105155152376888e+01
1.339579860160927716e+01
1.344065540833487837e+01
1.348552358820043118e+01
1.353047399678970919e+01
1.357546357311887597e+01
1.362050867967914058e+01
1.366562040255482380e+01
1.371076148604905143e+01
1.375599662418816926e+01
1.380123523865701607e+01
1.384659804124240345e+01
1.389196084382779262e+01
1.393743215953364611e+01
1.398292684792695439e+01
1.402850654865635605e+01
1.407413731729869077e+01
1.411982880771779847e+01
1.416559974073192585e+01
1.421140656258159396e+01
1.425732196069287738e+01
1.430324302585771434e+01
1.434923879968134841e+01
1.439523457350498248e+01
1.444129386429080597e+01
1.448736049640247359e+01
1.453348111741768456e+01
1.457962215277809648e+01
1.462580663805982795e+01
1.467202549082176866e+01
1.471827615110171017e+01
1.476457558264602454e+01
1.481089456273701543e+01
1.485727722052662791e+01
1.490366668963292440e+01
1.495013566913694802e+01
1.499660464864097342e+01
1.504315689836578862e+01
1.508971571200615003e+01
1.513634756204934995e+01
1.518300011883888168e+01
1.522971498388199407e+01
1.527646557025155438e+01
1.532326692955116698e+01
1.537011975783313389e+01
1.541701107898110301e+01
1.546397016682944781e+01
1.551095487526023575e+01
1.555802404556315466e+01
1.560510551907075616e+01
1.565228838996120864e+01
1.569947126085166111e+01
1.574676993935647751e+01
1.579406993032853102e+01
1.584147517901598157e+01
1.588889551561189784e+01
1.593641038617447059e+01
1.598395416287288029e+01
1.603158173249787666e+01
1.607925198833253688e+01
1.612699540532061349e+01
1.617479520499563250e+01
1.622265773791795951e+01
1.627059024996449565e+01
1.631857533911483671e+01
1.636664390822781101e+01
1.641475520319177051e+01
1.646296336609806588e+01
1.651120474310336661e+01
1.655955623381151653e+01
1.660793148137452846e+01
1.665642823249787341e+01
1.670493721375597218e+01
1.675355439610245867e+01
1.680217710125680952e+01
1.685091792793075527e+01
1.689965875460469746e+01
1.694852570537751291e+01
1.699739354539909542e+01
1.704638497767797389e+01
1.709538337338012326e+01
1.714450340928153693e+01
1.719363609829240502e+01
1.724288912331091339e+01
1.729216005406331291e+01
1.734155074250437067e+01
1.739096409257919262e+01
1.744049742401744751e+01
1.749005760560818601e+01
1.753973888713300866e+01
1.758945055963599202e+01
1.763928544114746089e+01
1.768915351244450562e+01
1.773914800777388834e+01
1.778917764408326008e+01
1.783933815807440837e+01
1.788953479813294933e+01
1.793986816183423016e+01
1.799023753834014983e+01
1.804075106010214213e+01
1.809129923636919202e+01
1.814200075131672207e+01
1.819273414789158139e+01
1.824363207756281113e+01
1.829455750989516005e+01
1.834566092392980607e+01
1.839678563525979271e+01
1.844808029346997813e+01
1.849938635362772388e+01
1.855083365691476160e+01
1.860228917442933394e+01
1.865388479079993544e+01
1.870549637439809132e+01
1.875724231517374818e+01
1.880901502756653443e+01
1.886091509418396583e+01
1.891285418406252106e+01
1.896491229082345242e+01
1.901702324379018449e+01
1.906924346068495169e+01
1.912153206257219651e+01
1.917391865725224420e+01
1.922639105718697294e+01
1.927894853200571035e+01
1.933161131108068886e+01
1.938434445163284181e+01
1.943720467349690750e+01
1.949011855385140279e+01
1.954318379320180554e+01
1.959628378879584432e+01
1.964956216541469303e+01
1.970286455922585134e+01
1.975635417485267098e+01
1.980988136185784043e+01
1.986357513446976597e+01
1.991733672136111011e+01
1.997124134718348287e+01
2.002524763108482375e+01
2.007937017811102010e+01
2.013363220171990164e+01
2.018798013583760920e+01
2.024250975138721742e+01
2.029709095885053216e+01
2.035190089095590693e+01
2.040675440965476639e+01
2.046182761636950431e+01
2.051698051022874836e+01
2.057231338634302631e+01
2.062778089040893548e+01
2.068338321892317921e+01
2.073918170090789204e+01
2.079506378924137877e+01
2.085121082895486566e+01
2.090742324525765738e+01
2.096389802616425513e+01
2.102048613369501950e+01
2.107727506356736669e+01
2.113426007869392365e+01
2.119137590716581343e+01
2.124878071004962266e+01
2.130627539808235582e+01
2.136408619377669638e+01
2.142203700052747806e+01
2.148021744295291313e+01
2.153865233699745474e+01
2.159721832429416821e+01
2.165616755282939465e+01
2.171524372722198137e+01
2.177463218569582892e+01
2.183427206246314967e+01
2.189409941165309093e+01
2.195434016873010208e+01
2.201474245271388241e+01
2.207550777742864057e+01
2.213657211549244508e+01
2.219783835251343262e+01
2.225960945946382807e+01
2.232158831837464419e+01
2.238392445575937373e+01
2.244668407285099221e+01
2.250968165736050608e+01
2.257318404913047161e+01
2.263704552450128560e+01
2.270118129972834708e+01
2.276595377976866885e+01
2.283104721927493586e+01
2.289649629779261630e+01
2.296261339493089437e+01
2.302908840510798427e+01
2.309597944791232038e+01
2.316359205601955296e+01
2.323162053667909177e+01
2.330008073233779342e+01
2.336937444163898192e+01
2.343915354354282954e+01
2.350943746674055035e+01
2.358050758400500513e+01
2.365226340463948063e+01
2.372461034606962116e+01
2.379761002805286552e+01
2.387160237946730490e+01
2.394628746894100502e+01
2.402169993207008858e+01
2.409790905276516781e+01
2.417513697426619146e+01
2.425303215198212925e+01
2.433161971223360709e+01
2.441093050496765926e+01
2.449111332460139678e+01
2.457222591229746200e+01
2.465416709889610658e+01
2.473697577186685592e+01
2.482069340039131689e+01
2.490536421212790330e+01
2.499116388385111875e+01
2.507808285340947663e+01
2.516609794925456001e+01
2.525526475225553114e+01
2.534564255778668240e+01
2.543729463936517732e+01
2.553028853314807378e+01
2.562469635352986330e+01
2.572059514349646392e+01
2.581804013481915661e+01
2.591696860680404768e+01
2.601732358608892781e+01
2.611918693443455197e+01
2.622264597271068709e+01
2.632779347296639116e+01
2.643472771727905268e+01
2.654355272228838203e+01
2.665437853989633510e+01
2.676732154485147674e+01
2.688250474820802438e+01
2.700005942114489343e+01
2.712050181019497685e+01
2.724366670869883578e+01
2.736971806594799261e+01
2.749883188677450008e+01
2.763185168470664976e+01
2.776845272279965471e+01
2.790903777943092123e+01
2.805447486399552304e+01
2.820445443865997248e+01
2.836038487219940762e+01
2.852207185104684939e+01
2.869048497741908932e+01
2.886672582964700595e+01
2.905129888711985942e+01
2.924539543524299745e+01
2.945038444382179321e+01
2.966785366715027195e+01
2.989965380667112527e+01
3.014943753949217964e+01
3.041954282595149195e+01
3.071533649522027432e+01
3.104345658767945793e+01
3.141239669196707140e+01
3.183686759824234258e+01
3.233902181471911064e+01
3.296113157863480581e+01
3.379376816201711620e+01
3.511119750831047526e+01
4.989999697969145132e+01
