6.400000000000000000e+01
1.800000000000000000e+01
4.570000000000000000e+02
8.570000000000000000e+02
6.100000000000000000e+02
2.370000000000000000e+02
8.830000000000000000e+02
6.740000000000000000e+02
4.700000000000000000e+01
5.900000000000000000e+02
2.020000000000000000e+02
1.950000000000000000e+02
8.940000000000000000e+02
1.520000000000000000e+02
5.530000000000000000e+02
4.030000000000000000e+02
1.400000000000000000e+02
7.040000000000000000e+02
4.020000000000000000e+02
8.520000000000000000e+02
5.210000000000000000e+02
6.390000000000000000e+02
1.060000000000000000e+02
7.000000000000000000e+00
1.030000000000000000e+02
6.890000000000000000e+02
9.280000000000000000e+02
1.260000000000000000e+02
6.190000000000000000e+02
2.110000000000000000e+02
6.230000000000000000e+02
0.000000000000000000e+00
5.600000000000000000e+02
4.650000000000000000e+02
6.170000000000000000e+02
4.190000000000000000e+02
1.770000000000000000e+02
5.600000000000000000e+01
5.560000000000000000e+02
1.130000000000000000e+02
4.460000000000000000e+02
5.190000000000000000e+02
4.050000000000000000e+02
7.450000000000000000e+02
5.300000000000000000e+02
4.430000000000000000e+02
6.250000000000000000e+02
6.200000000000000000e+02
4.550000000000000000e+02
2.470000000000000000e+02
2.000000000000000000e+01
1.270000000000000000e+02
3.540000000000000000e+02
8.560000000000000000e+02
5.940000000000000000e+02
4.330000000000000000e+02
6.040000000000000000e+02
2.830000000000000000e+02
9.160000000000000000e+02
3.760000000000000000e+02
1.560000000000000000e+02
7.300000000000000000e+02
8.800000000000000000e+02
8.710000000000000000e+02
6.400000000000000000e+02
3.830000000000000000e+02
3.700000000000000000e+01
2.320000000000000000e+02
5.170000000000000000e+02
5.800000000000000000e+01
5.850000000000000000e+02
3.360000000000000000e+02
8.030000000000000000e+02
3.800000000000000000e+01
5.920000000000000000e+02
4.670000000000000000e+02
8.650000000000000000e+02
3.710000000000000000e+02
4.320000000000000000e+02
4.270000000000000000e+02
5.090000000000000000e+02
1.750000000000000000e+02
1.280000000000000000e+02
7.190000000000000000e+02
6.880000000000000000e+02
4.990000000000000000e+02
6.950000000000000000e+02
5.980000000000000000e+02
3.390000000000000000e+02
2.790000000000000000e+02
3.640000000000000000e+02
9.490000000000000000e+02
1.900000000000000000e+02
8.800000000000000000e+01
6.100000000000000000e+01
1.530000000000000000e+02
4.610000000000000000e+02
2.850000000000000000e+02
2.880000000000000000e+02
3.900000000000000000e+01
