2.000000000000000000e+00
8.682274247491639230e+00
1.536454849498327846e+01
2.204682274247491591e+01
2.872909698996655692e+01
3.541137123745819792e+01
4.209364548494983183e+01
4.877591973244147283e+01
5.545819397993311384e+01
6.214046822742475484e+01
6.882274247491639585e+01
7.550501672240802975e+01
8.218729096989966365e+01
8.886956521739131176e+01
9.555183946488294566e+01
1.022341137123745938e+02
1.089163879598662277e+02
1.155986622073578616e+02
1.222809364548495097e+02
1.289632107023411436e+02
1.356454849498327917e+02
1.423277591973244114e+02
1.490100334448160595e+02
1.556923076923077076e+02
1.623745819397993273e+02
1.690568561872909754e+02
1.757391304347826235e+02
1.824214046822742716e+02
1.891036789297658913e+02
1.957859531772575394e+02
2.024682274247491875e+02
2.091505016722408072e+02
2.158327759197324553e+02
2.225150501672241035e+02
2.291973244147157232e+02
2.358795986622073713e+02
2.425618729096990194e+02
2.492441471571906391e+02
2.559264214046822872e+02
2.626086956521739353e+02
2.692909698996655834e+02
2.759732441471572315e+02
2.826555183946488228e+02
2.893377926421404709e+02
2.960200668896321190e+02
3.027023411371237671e+02
3.093846153846154152e+02
3.160668896321070633e+02
3.227491638795986546e+02
3.294314381270903027e+02
3.361137123745819508e+02
3.427959866220735989e+02
3.494782608695652470e+02
3.561605351170568952e+02
3.628428093645485433e+02
3.695250836120401345e+02
3.762073578595317827e+02
3.828896321070234308e+02
3.895719063545150789e+02
3.962541806020067270e+02
4.029364548494983751e+02
4.096187290969899664e+02
4.163010033444816145e+02
4.229832775919732626e+02
4.296655518394649107e+02
4.363478260869565588e+02
4.430301003344482069e+02
4.497123745819398550e+02
4.563946488294314463e+02
4.630769230769230944e+02
4.697591973244147425e+02
4.764414715719063906e+02
4.831237458193980387e+02
4.898060200668896869e+02
4.964882943143812781e+02
5.031705685618729262e+02
5.098528428093645744e+02
5.165351170568561656e+02
5.232173913043478706e+02
5.298996655518394618e+02
5.365819397993311668e+02
5.432642140468227581e+02
5.499464882943144630e+02
5.566287625418060543e+02
5.633110367892976456e+02
5.699933110367893505e+02
5.766755852842809418e+02
5.833578595317726467e+02
5.900401337792642380e+02
5.967224080267559430e+02
6.034046822742475342e+02
6.100869565217391255e+02
6.167692307692308304e+02
6.234515050167224217e+02
6.301337792642141267e+02
6.368160535117057179e+02
6.434983277591973092e+02
6.501806020066890142e+02
6.568628762541806054e+02
6.635451505016723104e+02
6.702274247491639017e+02
6.769096989966556066e+02
6.835919732441471979e+02
6.902742474916387891e+02
6.969565217391304941e+02
7.036387959866220854e+02
7.103210702341137903e+02
7.170033444816053816e+02
7.236856187290970865e+02
7.303678929765886778e+02
7.370501672240802691e+02
7.437324414715719740e+02
7.504147157190635653e+02
7.570969899665552703e+02
7.637792642140468615e+02
7.704615384615385665e+02
7.771438127090301577e+02
7.838260869565217490e+02
7.905083612040134540e+02
7.971906354515050452e+02
8.038729096989967502e+02
8.105551839464883415e+02
8.172374581939799327e+02
8.239197324414716377e+02
8.306020066889632290e+02
8.372842809364549339e+02
8.439665551839465252e+02
8.506488294314382301e+02
8.573311036789298214e+02
8.640133779264214127e+02
8.706956521739131176e+02
8.773779264214047089e+02
8.840602006688964138e+02
8.907424749163880051e+02
8.974247491638797101e+02
9.041070234113713013e+02
9.107892976588628926e+02
9.174715719063545976e+02
9.241538461538461888e+02
9.308361204013378938e+02
9.375183946488294850e+02
9.442006688963210763e+02
9.508829431438127813e+02
9.575652173913043725e+02
9.642474916387960775e+02
9.709297658862876688e+02
9.776120401337793737e+02
9.842943143812709650e+02
9.909765886287625563e+02
9.976588628762542612e+02
1.004341137123745852e+03
1.011023411371237557e+03
1.017705685618729149e+03
1.024387959866220854e+03
1.031070234113712331e+03
1.037752508361204036e+03
1.044434782608695741e+03
1.051117056856187446e+03
1.057799331103678924e+03
1.064481605351170629e+03
1.071163879598662334e+03
1.077846153846153811e+03
1.084528428093645516e+03
1.091210702341137221e+03
1.097892976588628926e+03
1.104575250836120404e+03
1.111257525083612109e+03
1.117939799331103814e+03
1.124622073578595291e+03
1.131304347826086996e+03
1.137986622073578701e+03
1.144668896321070406e+03
1.151351170568561884e+03
1.158033444816053589e+03
1.164715719063545293e+03
1.171397993311036771e+03
1.178080267558528476e+03
1.184762541806020181e+03
1.191444816053511886e+03
1.198127090301003363e+03
1.204809364548495068e+03
1.211491638795986773e+03
1.218173913043478251e+03
1.224856187290969956e+03
1.231538461538461661e+03
1.238220735785953366e+03
1.244903010033444843e+03
1.251585284280936548e+03
1.258267558528428253e+03
1.264949832775919731e+03
1.271632107023411436e+03
1.278314381270903141e+03
1.284996655518394618e+03
1.291678929765886323e+03
1.298361204013378028e+03
1.305043478260869733e+03
1.311725752508361211e+03
1.318408026755852916e+03
1.325090301003344621e+03
1.331772575250836098e+03
1.338454849498327803e+03
1.345137123745819508e+03
1.351819397993311213e+03
1.358501672240802691e+03
1.365183946488294396e+03
1.371866220735786101e+03
1.378548494983277578e+03
1.385230769230769283e+03
1.391913043478260988e+03
1.398595317725752693e+03
1.405277591973244171e+03
1.411959866220735876e+03
1.418642140468227581e+03
1.425324414715719058e+03
1.432006688963210763e+03
1.438688963210702468e+03
1.445371237458194173e+03
1.452053511705685651e+03
1.458735785953177356e+03
1.465418060200669061e+03
1.472100334448160538e+03
1.478782608695652243e+03
1.485464882943143948e+03
1.492147157190635653e+03
1.498829431438127131e+03
1.505511705685618836e+03
1.512193979933110541e+03
1.518876254180602018e+03
1.525558528428093723e+03
1.532240802675585428e+03
1.538923076923077133e+03
1.545605351170568611e+03
1.552287625418060315e+03
1.558969899665552020e+03
1.565652173913043498e+03
1.572334448160535203e+03
1.579016722408026908e+03
1.585698996655518386e+03
1.592381270903010090e+03
1.599063545150501795e+03
1.605745819397993500e+03
1.612428093645484978e+03
1.619110367892976683e+03
1.625792642140468388e+03
1.632474916387959865e+03
1.639157190635451570e+03
1.645839464882943275e+03
1.652521739130434980e+03
1.659204013377926458e+03
1.665886287625418163e+03
1.672568561872909868e+03
1.679250836120401345e+03
1.685933110367893050e+03
1.692615384615384755e+03
1.699297658862876460e+03
1.705979933110367938e+03
1.712662207357859643e+03
1.719344481605351348e+03
1.726026755852842825e+03
1.732709030100334530e+03
1.739391304347826235e+03
1.746073578595317940e+03
1.752755852842809418e+03
1.759438127090301123e+03
1.766120401337792828e+03
1.772802675585284305e+03
1.779484949832776010e+03
1.786167224080267715e+03
1.792849498327759420e+03
1.799531772575250898e+03
1.806214046822742603e+03
1.812896321070234308e+03
1.819578595317725785e+03
1.826260869565217490e+03
1.832943143812709195e+03
1.839625418060200900e+03
1.846307692307692378e+03
1.852989966555184083e+03
1.859672240802675788e+03
1.866354515050167265e+03
1.873036789297658970e+03
1.879719063545150675e+03
1.886401337792642153e+03
1.893083612040133858e+03
1.899765886287625563e+03
1.906448160535117268e+03
1.913130434782608745e+03
1.919812709030100450e+03
1.926494983277592155e+03
1.933177257525083633e+03
1.939859531772575338e+03
1.946541806020067042e+03
1.953224080267558747e+03
1.959906354515050225e+03
1.966588628762541930e+03
1.973270903010033635e+03
1.979953177257525113e+03
1.986635451505016817e+03
1.993317725752508522e+03
2.000000000000000000e+03
