1.414865837432444096e-03
4.864072834607213736e-04
4.062644438818097115e-04
1.509756984887644649e-04
1.359652524115517735e-04
1.263793383259326220e-04
8.779091149335727096e-05
4.262599395588040352e-05
3.869553984259255230e-05
3.594073859858326614e-05
3.502432082314044237e-05
3.415417086216621101e-05
3.341018964420072734e-05
3.248817301937378943e-05
3.201550134690478444e-05
3.095664578722789884e-05
3.014102730958256871e-05
2.902089727285783738e-05
2.799538196995854378e-05
2.689954999368637800e-05
