2.000000000000000000e+00
2.866176688227558333e+00
1.385198662141007020e+01
2.413864741640988854e+01
3.326928446549953122e+01
4.142604933487663033e+01
4.876018946397560683e+01
5.541352859017963794e+01
6.151612494307234158e+01
6.716581458081736855e+01
7.244807189752850718e+01
7.743313075152333624e+01
8.217818840252100188e+01
8.656009342549204177e+01
9.078683462582220898e+01
9.484138466539457113e+01
9.865156963033730619e+01
1.023974831251324957e+02
1.058914930918747785e+02
1.093538717986066757e+02
1.126122893957338675e+02
1.158532108393092130e+02
1.189020681814587022e+02
1.219509255236082197e+02
1.248339538254453487e+02
1.276968539597623220e+02
1.304681500143089465e+02
1.331667869449851196e+02
1.358536320041977490e+02
1.384075834059553927e+02
1.409615348077130648e+02
1.434565302900588506e+02
1.458837096714077859e+02
1.483108890527566928e+02
1.506593744732529387e+02
1.529760211626123407e+02
1.552926678519717711e+02
1.575301051158652115e+02
1.597510295320542184e+02
1.619719539482432538e+02
1.641256479929899967e+02
1.662644551199280727e+02
1.684032622468661486e+02
1.704937006706815055e+02
1.725628536039327798e+02
1.746320065371840542e+02
1.766741502310037788e+02
1.786852111057791319e+02
1.806962719805545134e+02
1.827006068378158261e+02
1.846643606196210499e+02
1.866281144014262452e+02
1.885918681832314689e+02
1.905281314339358971e+02
1.924547042567767789e+02
1.943812770796176324e+02
1.963003888559132690e+02
1.981994193532137274e+02
2.000984498505141573e+02
2.019974803478146157e+02
2.038827711699825045e+02
2.057635335408539277e+02
2.076442959117253508e+02
2.095232155194755990e+02
2.113947248176713174e+02
2.132662341158670358e+02
2.151377434140627543e+02
2.170090161476360606e+02
2.188801491248594289e+02
2.207512821020828255e+02
2.226229018152276637e+02
2.245025175231325250e+02
2.263821332310373577e+02
2.282617489389422190e+02
2.301501384271913082e+02
2.320472230255008697e+02
2.339443076238104311e+02
2.358413922221200210e+02
2.377646204965581944e+02
2.396883861148729693e+02
2.416121517331877442e+02
2.435542352269643516e+02
2.455141791729833471e+02
2.474741231190023711e+02
2.494385375212315523e+02
2.514446158808838163e+02
2.534506942405360803e+02
2.554567726001883727e+02
2.575063127870759558e+02
2.595691381878111770e+02
2.616319635885465118e+02
2.637306238193892796e+02
2.658615105876435223e+02
2.679923973558977082e+02
2.701546080886287200e+02
2.723656903160847378e+02
2.745767725435407556e+02
2.768221965033970946e+02
2.791264918463568279e+02
2.814307871893165611e+02
2.837853526139025462e+02
2.861969478484984393e+02
2.886085430830943324e+02
2.911057424046688880e+02
2.936400486915889019e+02
2.961828445425928749e+02
2.988565987660824135e+02
3.015303529895719521e+02
3.042924568381960171e+02
3.071235093168079970e+02
3.099899875264746925e+02
3.129970076080187482e+02
3.160040276895628040e+02
3.192025302010384848e+02
3.224051211333598417e+02
3.258005303380903683e+02
3.292191463329977523e+02
3.328597176552690939e+02
3.365429514334767305e+02
3.404529727308520251e+02
3.444705349583922498e+02
3.486488940604474465e+02
3.530513808258240829e+02
3.575956495423578190e+02
3.623387932965778191e+02
3.673349830334537387e+02
3.725146715385117773e+02
3.778885007800089397e+02
3.834576890207635529e+02
3.892217134742253961e+02
3.951448832671421769e+02
4.011641779078870513e+02
4.072383103411253842e+02
4.133241207329564304e+02
4.193804916977952075e+02
4.253722082767568509e+02
4.312721150990321348e+02
4.370614120730992909e+02
4.427195880295898860e+02
4.482220402463111100e+02
4.535908672190838047e+02
4.588330661790432714e+02
4.639573975624971354e+02
4.689484973943349928e+02
4.738133860458881372e+02
4.785906836244212741e+02
4.832885369699823741e+02
4.878667281266304485e+02
4.923821415572434148e+02
4.968439080149713618e+02
5.012207252204742076e+02
5.055560128438243623e+02
5.098578669917900470e+02
5.141020136909685334e+02
5.183284544210029026e+02
5.225311075075672989e+02
5.267123094512394346e+02
5.308869804890877049e+02
5.350541012598417865e+02
5.392249738930294143e+02
5.433987235630419264e+02
5.475937598548600818e+02
5.518053916872460150e+02
5.560382169375570811e+02
5.603167348398912964e+02
5.646231797221457782e+02
5.689771916194695223e+02
5.733946750232181557e+02
5.778567367194956432e+02
5.823904863701504837e+02
5.870111923167710302e+02
5.916981381479052970e+02
5.964650627991253486e+02
6.013563961089232635e+02
6.063375530743172703e+02
6.114167599573013376e+02
6.166080519854860995e+02
6.219505865228674111e+02
6.274117851180036496e+02
6.329970228266170125e+02
6.387100367309149078e+02
6.445520287757257165e+02
6.505206394917322541e+02
6.566133958664780721e+02
6.628140572167620803e+02
6.690982476809796253e+02
6.754455481778265948e+02
6.817962437699484326e+02
6.880873788154193562e+02
6.942883362774049374e+02
7.003858142621915022e+02
7.063725209405098440e+02
7.122452322000530103e+02
7.180040652520392541e+02
7.236508200183927784e+02
7.291642129167527173e+02
7.345760398661642512e+02
7.398944482797624005e+02
7.451272657938145585e+02
7.502790553582783559e+02
7.553331496573862296e+02
7.603270269303865234e+02
7.652670191893957963e+02
7.701544642102049920e+02
7.749842557860158649e+02
7.797844918457412859e+02
7.845590538283649948e+02
7.893069569498795772e+02
7.940424035546046753e+02
7.987716080232922877e+02
8.034967903922596406e+02
8.082275681144614055e+02
8.129699070884383900e+02
8.177268818305066134e+02
8.225182139865958106e+02
8.273348347719983167e+02
8.321700590659248746e+02
8.370223489380178989e+02
8.419130787207100184e+02
8.468388906163017964e+02
8.518053911376609904e+02
8.568284015299879002e+02
8.619332106997658229e+02
8.671117296574150259e+02
8.723745173313906207e+02
8.777341881228712737e+02
8.832307584961978364e+02
8.888683363458360418e+02
8.946555622922905968e+02
9.006133805168850586e+02
9.067657314432817657e+02
9.131395686358525836e+02
9.197645737652889011e+02
9.266724628935410237e+02
9.338956765277257546e+02
9.414660738763146810e+02
9.494141923437940704e+02
9.577759117835180405e+02
9.666370391370878679e+02
9.759230898328129342e+02
9.856538157545825243e+02
9.958110201739318654e+02
1.006327337483010297e+03
1.017074318122376212e+03
1.027770223253043241e+03
1.038318448876263119e+03
1.048662501988365193e+03
1.058819425997309963e+03
1.068782587844459613e+03
1.078592948714625436e+03
1.088267238636358343e+03
1.097862760513818785e+03
1.107411572950580876e+03
1.116964204955708510e+03
1.126533215632595329e+03
1.136105299304218306e+03
1.145724891785582713e+03
1.155447064815474960e+03
1.165311981730719936e+03
1.175387077988987130e+03
1.185706116722514025e+03
1.196365012589255230e+03
1.207427051601009680e+03
1.218957265098105836e+03
1.231019074178631172e+03
1.243634279836595852e+03
1.256843327580912501e+03
1.270681077092781607e+03
1.285147124944284769e+03
1.300199382478790540e+03
1.315680180474638746e+03
1.331214047284910521e+03
1.346520533181021165e+03
1.361573954526356374e+03
1.376409613349277834e+03
1.391097601101878126e+03
1.405737748933501052e+03
1.420462966532150404e+03
1.435367579043325122e+03
1.450405041939607599e+03
1.465705602776328760e+03
1.481476128511578963e+03
1.497888598056104229e+03
1.515105403642346573e+03
1.533332934220514744e+03
1.552888184174675189e+03
1.574095255070710664e+03
1.597224742288108928e+03
1.622419587848109586e+03
1.649515036880609841e+03
1.678034874539345765e+03
1.707167825822276200e+03
1.736764611613951047e+03
1.766854319080641744e+03
1.798134824670716398e+03
1.831472734134988286e+03
1.867635050042375724e+03
1.907647050869673876e+03
1.951978025795266376e+03
1.999999999999993406e+03
